7.375422561059933
5.002436483840416
7.539764106657529
7.539764106657529
7.539764106657529
7.539764106657529
7.539764106657529
7.539764106657529
7.539764106657529
7.539764106657529
7.539764106657529
7.539764106657529
7.539764106657529
7.539764106657529
7.539764106657529
7.539764106657529
7.539764106657529
7.539764106657529
7.539764106657529
7.539764106657529
9.769560591136294
11.102505079131193
11.102505079131193
9.392719648295287
13.305359207638059
13.305359207638059
13.305359207638059
13.305359207638059
12.97157998170768
12.97157998170768
12.97157998170768
12.97157998170768
12.97157998170768
12.97157998170768
12.97157998170768
12.97157998170768
12.97157998170768
12.97157998170768
12.97157998170768
12.97157998170768
18.21055433909475
20.87722997367547
20.87722997367547
20.87722997367547
20.87722997367547
20.87722997367547
20.87722997367547
34.5115557635854
34.5115557635854
34.5115557635854
48.123309961437904
37.459789692534684
37.459789692534684
37.459789692534684
37.459789692534684
37.459789692534684
37.459789692534684
37.459789692534684
37.459789692534684
37.459789692534684
54.70890097682472
54.70890097682472
54.62524156411287
54.62524156411287
54.62524156411287
54.62524156411287
54.62524156411287
54.62524156411287
54.62524156411287
54.784982105287945
54.784982105287945
54.784982105287945
54.784982105287945
54.784982105287945
60.64606894116365
60.64606894116365
60.64606894116365
60.64606894116365
60.64606894116365
60.64606894116365
23.993510499953857
23.993510499953857
23.993510499953857
20.53693190416331
20.53693190416331
20.53693190416331
20.53693190416331
20.53693190416331
20.310157986058417
20.310157986058417
20.310157986058417
20.310157986058417
20.310157986058417
26.83834011471518
26.83834011471518
26.83834011471518
26.83834011471518
26.83834011471518
26.83834011471518
25.580438695983446
38.49958201154374
36.714865146899406
36.714865146899406
36.714865146899406
36.714865146899406
36.714865146899406
36.714865146899406
36.714865146899406
36.714865146899406
36.714865146899406
36.714865146899406
36.714865146899406
36.714865146899406
36.714865146899406
36.714865146899406
36.714865146899406
36.714865146899406
36.714865146899406
36.714865146899406
36.714865146899406
22.189855010344033
22.189855010344033
22.189855010344033
22.189855010344033
22.189855010344033
22.189855010344033
22.189855010344033
25.30949098092459
25.30949098092459
25.30949098092459
25.30949098092459
25.30949098092459
25.30949098092459
25.30949098092459
25.30949098092459
25.30949098092459
22.25106761901096
22.25106761901096
21.959903936746556
21.959903936746556
22.88024275462542
20.002774620377796
20.06112151301768
20.06112151301768
27.685968544365938
27.685968544365938
27.685968544365938
27.685968544365938
27.685968544365938
27.685968544365938
27.685968544365938
27.685968544365938
33.112457556393466
33.112457556393466
33.112457556393466
33.112457556393466
33.112457556393466
29.99451182520191
29.99451182520191
29.99451182520191
19.028179008876794
19.028179008876794
19.028179008876794
19.497420407942478
19.497420407942478
20.404391877878535
20.404391877878535
20.404391877878535
20.404391877878535
20.404391877878535
20.404391877878535
20.404391877878535
20.404391877878535
20.404391877878535
20.404391877878535
20.404391877878535
20.404391877878535
20.404391877878535
20.404391877878535
20.404391877878535
31.662939874244408
47.7862306823719
47.7862306823719
50.59113891873723
50.59113891873723
50.59113891873723
50.59113891873723
50.59113891873723
50.59113891873723
50.59113891873723
50.59113891873723
50.59113891873723
50.59113891873723
50.59113891873723
50.59113891873723
50.59113891873723
50.59113891873723
50.59113891873723
50.59113891873723
50.59113891873723
