3.8913500569100252
3.991075279124104
4.800012045937519
4.800012045937519
4.800012045937519
4.800012045937519
4.800012045937519
4.800012045937519
4.800012045937519
4.800012045937519
4.800012045937519
4.800012045937519
4.800012045937519
4.800012045937519
4.800012045937519
4.800012045937519
4.800012045937519
4.800012045937519
4.800012045937519
4.800012045937519
5.8910523100123315
5.935865428586898
5.935865428586898
5.390761088915753
5.584468675529964
5.584468675529964
5.584468675529964
5.584468675529964
5.582169868576928
5.582169868576928
5.582169868576928
5.582169868576928
5.582169868576928
5.582169868576928
5.582169868576928
5.582169868576928
5.582169868576928
5.582169868576928
5.582169868576928
5.582169868576928
5.919408040246221
5.765533381357256
5.765533381357256
5.765533381357256
5.765533381357256
5.765533381357256
5.765533381357256
4.989803527033737
4.989803527033737
4.989803527033737
4.142407026934107
3.8809135357034434
3.8809135357034434
3.8809135357034434
3.8809135357034434
3.8809135357034434
3.8809135357034434
3.8809135357034434
3.8809135357034434
3.8809135357034434
3.8133511332632475
3.8133511332632475
3.845428161770056
3.845428161770056
3.845428161770056
3.845428161770056
3.845428161770056
3.845428161770056
3.845428161770056
3.8375241480307127
3.8375241480307127
3.8375241480307127
3.8375241480307127
3.8375241480307127
3.4913683881728463
3.4913683881728463
3.4913683881728463
3.4913683881728463
3.4913683881728463
3.4913683881728463
5.040486207205361
5.040486207205361
5.040486207205361
5.280572108243289
5.280572108243289
5.280572108243289
5.280572108243289
5.280572108243289
5.267790524037895
5.267790524037895
5.267790524037895
5.267790524037895
5.267790524037895
5.054431503747525
5.054431503747525
5.054431503747525
5.054431503747525
5.054431503747525
5.054431503747525
4.870169962032994
5.011489396950683
4.7316393905358
4.7316393905358
4.7316393905358
4.7316393905358
4.7316393905358
4.7316393905358
4.7316393905358
4.7316393905358
4.7316393905358
4.7316393905358
4.7316393905358
4.7316393905358
4.7316393905358
4.7316393905358
4.7316393905358
4.7316393905358
4.7316393905358
4.7316393905358
4.7316393905358
3.268770522136103
3.268770522136103
3.268770522136103
3.268770522136103
3.268770522136103
3.268770522136103
3.268770522136103
3.5829608944110816
3.5829608944110816
3.5829608944110816
3.5829608944110816
3.5829608944110816
3.5829608944110816
3.5829608944110816
3.5829608944110816
3.5829608944110816
3.5079614774830286
3.5079614774830286
3.8800731670834008
3.8800731670834008
6.331828771205921
6.235089318170973
6.20375881086677
6.20375881086677
5.683510923111475
5.683510923111475
5.683510923111475
5.683510923111475
5.683510923111475
5.683510923111475
5.683510923111475
5.683510923111475
5.973484885424503
5.973484885424503
5.973484885424503
5.973484885424503
5.973484885424503
5.5167579282430355
5.5167579282430355
5.5167579282430355
5.918351564093406
5.918351564093406
5.918351564093406
5.891026234202692
5.891026234202692
5.868041638692108
5.868041638692108
5.868041638692108
5.868041638692108
5.868041638692108
5.868041638692108
5.868041638692108
5.868041638692108
5.868041638692108
5.868041638692108
5.868041638692108
5.868041638692108
5.868041638692108
5.868041638692108
5.868041638692108
5.439757505644421
6.467669221094354
6.467669221094354
6.907488894169738
6.907488894169738
6.907488894169738
6.907488894169738
6.907488894169738
6.907488894169738
6.907488894169738
6.907488894169738
6.907488894169738
6.907488894169738
6.907488894169738
6.907488894169738
6.907488894169738
6.907488894169738
6.907488894169738
6.907488894169738
6.907488894169738
