334.49562666151064
340.8061031918144
372.8606009787264
372.8606009787264
372.8606009787264
372.8606009787264
372.8606009787264
372.8606009787264
372.8606009787264
372.8606009787264
372.8606009787264
372.8606009787264
372.8606009787264
372.8606009787264
372.8606009787264
372.8606009787264
372.8606009787264
372.8606009787264
372.8606009787264
372.8606009787264
419.80265334335064
417.86932259217855
417.86932259217855
396.269308145493
445.92991160227
445.92991160227
445.92991160227
445.92991160227
447.0731074737199
447.0731074737199
447.0731074737199
447.0731074737199
447.0731074737199
447.0731074737199
447.0731074737199
447.0731074737199
447.0731074737199
447.0731074737199
447.0731074737199
447.0731074737199
460.38880788700794
452.4452029936171
452.4452029936171
452.4452029936171
452.4452029936171
452.4452029936171
452.4452029936171
413.56748836767304
413.56748836767304
413.56748836767304
320.1726990615553
335.56274421040143
335.56274421040143
335.56274421040143
335.56274421040143
335.56274421040143
335.56274421040143
335.56274421040143
335.56274421040143
335.56274421040143
351.6660066612292
351.6660066612292
356.2141473460356
356.2141473460356
356.2141473460356
356.2141473460356
356.2141473460356
356.2141473460356
356.2141473460356
354.3507409517838
354.3507409517838
354.3507409517838
354.3507409517838
354.3507409517838
327.75456268221217
327.75456268221217
327.75456268221217
327.75456268221217
327.75456268221217
327.75456268221217
286.02595314127234
286.02595314127234
286.02595314127234
321.37827469912213
321.37827469912213
321.37827469912213
321.37827469912213
321.37827469912213
318.9897551118586
318.9897551118586
318.9897551118586
318.9897551118586
318.9897551118586
416.94512800298355
416.94512800298355
416.94512800298355
416.94512800298355
416.94512800298355
416.94512800298355
403.3107234462342
591.3979138397273
565.1423861875066
565.1423861875066
565.1423861875066
565.1423861875066
565.1423861875066
565.1423861875066
565.1423861875066
565.1423861875066
565.1423861875066
565.1423861875066
565.1423861875066
565.1423861875066
565.1423861875066
565.1423861875066
565.1423861875066
565.1423861875066
565.1423861875066
565.1423861875066
565.1423861875066
295.09963981673434
295.09963981673434
295.09963981673434
295.09963981673434
295.09963981673434
295.09963981673434
295.09963981673434
353.0985711257357
353.0985711257357
353.0985711257357
353.0985711257357
353.0985711257357
353.0985711257357
353.0985711257357
353.0985711257357
353.0985711257357
357.51261756042004
357.51261756042004
381.61215359474284
381.61215359474284
400.78664388173695
404.96018425011874
408.1285601771248
408.1285601771248
396.67623748023107
396.67623748023107
396.67623748023107
396.67623748023107
396.67623748023107
396.67623748023107
396.67623748023107
396.67623748023107
484.9503422133688
484.9503422133688
484.9503422133688
484.9503422133688
484.9503422133688
451.1549009713063
451.1549009713063
451.1549009713063
526.7700115614049
526.7700115614049
526.7700115614049
524.5217397491144
524.5217397491144
510.3614489154127
510.3614489154127
510.3614489154127
510.3614489154127
510.3614489154127
510.3614489154127
510.3614489154127
510.3614489154127
510.3614489154127
510.3614489154127
510.3614489154127
510.3614489154127
510.3614489154127
510.3614489154127
510.3614489154127
571.0078483297356
728.016705203016
728.016705203016
769.2805870101213
769.2805870101213
769.2805870101213
769.2805870101213
769.2805870101213
769.2805870101213
769.2805870101213
769.2805870101213
769.2805870101213
769.2805870101213
769.2805870101213
769.2805870101213
769.2805870101213
769.2805870101213
769.2805870101213
769.2805870101213
769.2805870101213
