62.6352263150433
64.00706973745967
67.87601252392363
67.87601252392363
67.87601252392363
67.87601252392363
67.87601252392363
67.87601252392363
67.87601252392363
67.87601252392363
67.87601252392363
67.87601252392363
67.87601252392363
67.87601252392363
67.87601252392363
67.87601252392363
67.87601252392363
67.87601252392363
67.87601252392363
67.87601252392363
75.64746163320699
73.30851594269286
73.30851594269286
70.70141784879782
71.06386057736779
71.06386057736779
71.06386057736779
71.06386057736779
71.42624298816757
71.42624298816757
71.42624298816757
71.42624298816757
71.42624298816757
71.42624298816757
71.42624298816757
71.42624298816757
71.42624298816757
71.42624298816757
71.42624298816757
71.42624298816757
58.75433059259664
57.923491202002666
57.923491202002666
57.923491202002666
57.923491202002666
57.923491202002666
57.923491202002666
53.704910360544474
53.704910360544474
53.704910360544474
38.1319913179608
47.04515260944983
47.04515260944983
47.04515260944983
47.04515260944983
47.04515260944983
47.04515260944983
47.04515260944983
47.04515260944983
47.04515260944983
47.38276980547191
47.38276980547191
47.48155829483332
47.48155829483332
47.48155829483332
47.48155829483332
47.48155829483332
47.48155829483332
47.48155829483332
47.29280469204698
47.29280469204698
47.29280469204698
47.29280469204698
47.29280469204698
43.448247922673495
43.448247922673495
43.448247922673495
43.448247922673495
43.448247922673495
43.448247922673495
56.30546100116287
56.30546100116287
56.30546100116287
60.86463957997326
60.86463957997326
60.86463957997326
60.86463957997326
60.86463957997326
61.036368111856525
61.036368111856525
61.036368111856525
61.036368111856525
61.036368111856525
64.06416141542665
64.06416141542665
64.06416141542665
64.06416141542665
64.06416141542665
64.06416141542665
65.94347346656097
66.53519424049608
68.6449276633106
68.6449276633106
68.6449276633106
68.6449276633106
68.6449276633106
68.6449276633106
68.6449276633106
68.6449276633106
68.6449276633106
68.6449276633106
68.6449276633106
68.6449276633106
68.6449276633106
68.6449276633106
68.6449276633106
68.6449276633106
68.6449276633106
68.6449276633106
68.6449276633106
54.070876988478716
54.070876988478716
54.070876988478716
54.070876988478716
54.070876988478716
54.070876988478716
54.070876988478716
57.20104573155208
57.20104573155208
57.20104573155208
57.20104573155208
57.20104573155208
57.20104573155208
57.20104573155208
57.20104573155208
57.20104573155208
59.757445497761566
59.757445497761566
61.34788065923794
61.34788065923794
52.64187226157321
57.69102603564692
57.70653697059943
57.70653697059943
55.45090603926767
55.45090603926767
55.45090603926767
55.45090603926767
55.45090603926767
55.45090603926767
55.45090603926767
55.45090603926767
54.69059338951071
54.69059338951071
54.69059338951071
54.69059338951071
54.69059338951071
59.34882248453709
59.34882248453709
59.34882248453709
71.96013202003195
71.96013202003195
71.96013202003195
71.63745482822374
71.63745482822374
69.84461711099645
69.84461711099645
69.84461711099645
69.84461711099645
69.84461711099645
69.84461711099645
69.84461711099645
69.84461711099645
69.84461711099645
69.84461711099645
69.84461711099645
69.84461711099645
69.84461711099645
69.84461711099645
69.84461711099645
58.381310628927864
55.55734477041412
55.55734477041412
52.24163191342438
52.24163191342438
52.24163191342438
52.24163191342438
52.24163191342438
52.24163191342438
52.24163191342438
52.24163191342438
52.24163191342438
52.24163191342438
52.24163191342438
52.24163191342438
52.24163191342438
52.24163191342438
52.24163191342438
52.24163191342438
52.24163191342438
