38.19461237606323
37.216935822953204
35.92194444968288
35.92194444968288
35.92194444968288
35.92194444968288
35.92194444968288
35.92194444968288
35.92194444968288
35.92194444968288
35.92194444968288
35.92194444968288
35.92194444968288
35.92194444968288
35.92194444968288
35.92194444968288
35.92194444968288
35.92194444968288
35.92194444968288
35.92194444968288
34.880287134553015
34.10360661145463
34.10360661145463
34.97624022926764
33.299442260701795
33.299442260701795
33.299442260701795
33.299442260701795
33.331559112716846
33.331559112716846
33.331559112716846
33.331559112716846
33.331559112716846
33.331559112716846
33.331559112716846
33.331559112716846
33.331559112716846
33.331559112716846
33.331559112716846
33.331559112716846
52.66768573966772
51.52453095593414
51.52453095593414
51.52453095593414
51.52453095593414
51.52453095593414
51.52453095593414
45.728865397308276
45.728865397308276
45.728865397308276
60.14655220310604
51.43115058755123
51.43115058755123
51.43115058755123
51.43115058755123
51.43115058755123
51.43115058755123
51.43115058755123
51.43115058755123
51.43115058755123
37.02151602324938
37.02151602324938
37.17895997129827
37.17895997129827
37.17895997129827
37.17895997129827
37.17895997129827
37.17895997129827
37.17895997129827
37.23163854974826
37.23163854974826
37.23163854974826
37.23163854974826
37.23163854974826
38.33039483115929
38.33039483115929
38.33039483115929
38.33039483115929
38.33039483115929
38.33039483115929
28.539614065516766
28.539614065516766
28.539614065516766
30.03153629451228
30.03153629451228
30.03153629451228
30.03153629451228
30.03153629451228
29.97176848558656
29.97176848558656
29.97176848558656
29.97176848558656
29.97176848558656
30.4894087431336
30.4894087431336
30.4894087431336
30.4894087431336
30.4894087431336
30.4894087431336
29.116152945019724
34.29945243116981
31.272549724891345
31.272549724891345
31.272549724891345
31.272549724891345
31.272549724891345
31.272549724891345
31.272549724891345
31.272549724891345
31.272549724891345
31.272549724891345
31.272549724891345
31.272549724891345
31.272549724891345
31.272549724891345
31.272549724891345
31.272549724891345
31.272549724891345
31.272549724891345
31.272549724891345
44.29819780892356
44.29819780892356
44.29819780892356
44.29819780892356
44.29819780892356
44.29819780892356
44.29819780892356
41.50059010186916
41.50059010186916
41.50059010186916
41.50059010186916
41.50059010186916
41.50059010186916
41.50059010186916
41.50059010186916
41.50059010186916
39.00091014278429
39.00091014278429
37.70574154909569
37.70574154909569
27.240950633576126
28.91759469177559
30.426013021136104
30.426013021136104
31.915713538021237
31.915713538021237
31.915713538021237
31.915713538021237
31.915713538021237
31.915713538021237
31.915713538021237
31.915713538021237
37.33888679167501
37.33888679167501
37.33888679167501
37.33888679167501
37.33888679167501
33.93501349142845
33.93501349142845
33.93501349142845
30.55850601352234
30.55850601352234
30.55850601352234
30.645777008784272
30.645777008784272
30.78643640059077
30.78643640059077
30.78643640059077
30.78643640059077
30.78643640059077
30.78643640059077
30.78643640059077
30.78643640059077
30.78643640059077
30.78643640059077
30.78643640059077
30.78643640059077
30.78643640059077
30.78643640059077
30.78643640059077
45.31971908419072
50.04972775542353
50.04972775542353
54.8068881205826
54.8068881205826
54.8068881205826
54.8068881205826
54.8068881205826
54.8068881205826
54.8068881205826
54.8068881205826
54.8068881205826
54.8068881205826
54.8068881205826
54.8068881205826
54.8068881205826
54.8068881205826
54.8068881205826
54.8068881205826
54.8068881205826
