0.075
0.15
0.105
0.125
0.225
0.175
0.06
0.055
0.07
0.235
0.095
0.025
0.17
0.04
0.225
0.115
0.095
0.235
0.24
0.27
0.055
0.245
0.245
0.235
0.15
0.03
0.09
0.16
0.145
0.175
0.14
0.24
0.125
0.05
0.125
0.135
0.085
0.17
0.04
0.205
0.085
0.17
0.075
0.285
0.14
0.135
0.035
0.155
0.185
0.115
0.055
0.04
0.22
0.21
0.06
0.09
0.285
0.12
0.025
0.22
0.145
0.26
0.1
0.16
0.045
0.19
0.205
0.04
0.11
0.15
0.08
0.155
0.135
0.185
0.115
0.295
0.205
0.1
0.095
0.245
0.105
0.055
0.04
0.275
0.21
0.095
0.1
0.04
0.155
0.335
0.15
0.29
0.275
0.025
0.17
0.06
0.185
0.05
0.16
0.035
