0.07
0.065
0.16
0.08
0.295
0.09
0.075
0.1
0.075
0.065
0.075
0.245
0.17
0.065
0.1
0.14
0.185
0.235
0.13
0.265
0.165
0.04
0.115
0.175
0.205
0.245
0.24
0.05
0.165
0.11
0.095
0.075
0.075
0.205
0.065
0.205
0.345
0.29
0.04
0.14
0.305
0.125
0.13
0.3
0.11
0.035
0.04
0.1
0.1
0.13
0.17
0.185
0.08
0.055
0.06
0.205
0.08
0.13
0.22
0.225
0.075
0.3
0.08
0.065
0.205
0.01
0.255
0.09
0.12
0.18
0.175
0.26
0.03
0.085
0.155
0.09
0.12
0.145
0.07
0.03
0.21
0.155
0.18
0.1
0.13
0.185
0.14
0.11
0.065
0.035
0.26
0.08
0.08
0.285
0.18
0.23
0.08
0.185
0.0
0.17
