0.175
0.095
0.25
0.18
0.08
0.315
0.07
0.245
0.12
0.165
0.065
0.19
0.05
0.105
0.27
0.1
0.215
0.025
0.305
0.295
0.245
0.11
0.31
0.085
0.155
0.3
0.14
0.24
0.27
0.125
0.23
0.1
0.07
0.18
0.12
0.28
0.22
0.27
0.085
0.17
0.225
0.195
0.105
0.085
0.105
0.16
0.065
0.21
0.25
0.22
0.265
0.24
0.305
0.04
0.135
0.18
0.06
0.28
0.265
0.315
0.215
0.14
0.235
0.29
0.235
0.235
0.275
0.25
0.11
0.24
0.05
0.05
0.18
0.155
0.04
0.04
0.13
0.155
0.235
0.29
0.085
0.065
0.205
0.19
0.305
0.245
0.135
0.27
0.32
0.2
0.075
0.17
0.185
0.16
0.245
0.145
0.26
0.06
0.135
0.15
